1,1,1,26;0,1,1,6;1,0,0,20;0,1,0,2
1,1,213;1,0,18;0,1,195;1,0,18
0,1,154;1,0,10;0,1,154;1,1,164
0,0,0,1,1,23;1,0,1,1,1,48;0,1,1,0,0,18;1,1,0,0,1,47
0,0,0,0,1,1,11;1,1,0,0,1,0,11;0,1,1,1,0,0,143;0,0,1,0,1,1,25
0,0,0,1,0,168;1,0,1,0,1,22;1,0,1,0,0,12;1,1,0,1,0,188;1,0,1,0,1,22
0,0,0,1,0,1,194;0,1,1,0,0,0,25;1,1,1,1,0,0,212;1,0,1,1,1,1,218;1,0,1,0,0,1,39
1,0,1,0,1,0,35;1,1,0,1,0,1,44;1,1,1,1,0,0,50;0,1,1,0,0,1,27;0,0,0,0,1,0,10
1,1,1,0,0,0,1,0,56;0,0,1,1,0,1,0,0,191;1,1,1,0,1,0,0,0,62;1,1,0,0,1,0,1,1,82;0,1,1,1,1,1,1,0,236;1,0,0,0,1,1,0,0,212
0,1,0,0,1,1,1,1,1,1,0,1,65;1,0,0,0,0,1,0,1,1,0,1,0,41;0,0,1,0,0,0,0,1,1,1,1,0,48;0,0,1,0,1,0,0,1,1,0,1,0,35;0,1,1,0,0,0,0,0,1,1,1,0,50;0,1,1,1,1,1,0,1,1,0,0,0,67;0,1,1,0,0,1,0,1,0,1,1,0,76;0,0,1,0,0,1,1,0,1,1,1,0,68;1,0,1,0,0,0,0,1,1,1,1,0,55;0,0,0,0,0,1,1,1,1,1,1,1,61
0,0,0,1,0,12;1,1,0,1,1,52;1,1,0,1,0,35;0,1,1,0,1,43;0,0,1,0,1,28
1,1,1,1,1,0,0,47;0,1,1,0,1,0,0,46;0,0,1,0,1,0,0,31;1,1,0,1,1,0,1,136;1,0,0,0,0,1,1,104;1,1,0,0,0,1,0,19;1,1,1,0,0,0,0,27
0,0,1,1,1,0,1,0,39;0,0,0,0,1,1,1,0,33;0,0,1,1,0,0,1,1,32;0,1,0,0,0,1,0,0,11;1,0,1,0,0,0,1,0,41;1,1,0,0,0,0,1,1,35;1,1,1,1,0,0,0,0,37;0,0,0,0,0,0,1,1,15;0,0,0,1,1,0,1,0,29
1,1,0,0,0,0,1,43;1,0,1,1,1,1,1,87;0,0,0,0,1,1,0,30;0,0,1,0,1,1,1,61;0,1,1,0,0,0,1,37;0,1,1,1,0,0,0,26;0,1,0,0,0,1,1,44
1,0,0,1,0,1,1,0,1,1,34;0,1,1,1,0,1,0,0,0,1,43;0,1,1,1,0,1,0,1,1,0,49;1,0,1,0,0,1,0,1,1,0,20;1,1,1,0,0,1,1,0,1,0,33;1,1,0,0,1,0,1,0,1,1,47;0,1,1,0,0,1,0,0,0,0,21;1,1,1,0,1,0,0,0,1,1,47
1,1,0,0,1,34;0,1,1,0,1,170;0,0,1,1,1,162;1,1,1,0,0,185;0,0,1,0,0,153;0,1,1,0,0,168
1,0,1,1,28;0,0,1,1,12;0,1,0,0,2;1,0,1,1,28;1,1,1,0,23;0,1,1,1,14
0,0,0,0,0,1,0,3;1,0,0,1,1,0,0,30;1,1,1,1,1,1,0,36;0,1,1,0,1,0,0,15;1,0,1,0,0,0,1,11
0,1,0,0,0,1,1,0,1,0,0,49;1,0,1,0,0,1,1,1,0,1,0,151;1,0,0,0,0,0,1,0,1,0,0,36;0,1,1,0,0,1,0,1,1,0,1,57;1,1,0,0,0,1,1,1,1,0,1,71;1,1,0,1,0,0,1,0,0,1,1,160;0,0,0,0,1,1,1,1,0,1,1,141;1,1,1,1,0,0,1,1,1,0,1,79;1,1,1,0,0,0,1,0,1,0,1,63
1,0,1,1,0,0,0,0,1,42;0,1,0,0,1,0,0,1,0,20;1,0,1,1,0,0,1,0,1,228;0,0,1,0,1,1,1,0,0,213;1,1,0,1,0,0,1,0,0,224;0,1,0,0,1,0,0,0,0,19;1,0,0,0,1,0,0,0,0,14;0,0,0,1,1,1,1,0,0,205;0,0,0,1,1,0,1,1,0,201
0,1,0,0,1,0,0,14;0,1,0,1,0,0,1,29;0,0,1,0,0,0,1,10;0,1,1,0,1,1,0,18;1,0,1,0,0,1,1,29
1,1,0,0,0,0,0,13;1,0,0,0,1,0,1,42;0,0,1,1,0,0,1,24;0,0,0,1,0,1,1,35;0,1,0,0,1,0,1,37;1,1,0,1,1,1,1,68;0,1,1,0,0,0,1,25;1,1,0,0,0,1,1,45
0,0,1,0,0,0,0,1,1,0,27;0,0,1,0,1,1,0,0,0,1,15;0,1,0,1,0,1,1,1,0,1,61;0,0,0,1,0,1,0,1,0,0,25;1,1,1,1,0,1,0,0,0,1,57;0,0,1,1,0,0,1,1,1,0,58;1,1,0,1,0,1,1,1,1,1,94;1,1,0,1,0,0,0,0,1,0,57;0,0,0,1,1,1,0,1,1,1,47
1,1,1,0,1,1,0,0,47;1,1,1,0,0,1,0,0,45;1,1,1,1,0,1,0,0,61;0,1,0,1,1,0,0,0,37;0,0,0,0,1,1,0,1,32;1,0,0,0,0,0,1,0,209;1,1,1,1,0,1,0,1,77;1,1,1,0,1,0,1,1,249;1,0,0,0,1,0,1,0,211
0,0,1,0,0,0,0,1,1,1,0,1,0,69;0,1,1,1,0,1,0,1,0,0,1,1,0,76;1,0,0,0,0,1,1,1,0,1,1,1,0,81;0,0,1,0,0,0,1,1,0,1,0,1,0,72;1,1,0,1,0,0,0,1,0,0,0,0,1,49;0,1,1,1,0,0,0,0,1,0,1,1,0,58;0,0,0,0,0,0,0,0,0,0,1,0,1,6;1,0,0,0,1,0,1,1,0,0,1,0,1,51;0,1,0,0,0,1,1,1,0,0,1,0,0,46;1,0,0,0,0,1,0,0,0,0,1,1,1,40
1,1,0,0,0,1,21;1,0,1,1,1,1,33;0,0,1,1,1,1,28;0,1,1,1,1,1,34;0,1,0,1,0,0,7;0,0,0,1,1,0,7;1,0,1,0,1,0,22
0,0,0,0,0,1,0,0,0,0,0,1,25;0,0,1,0,0,1,1,1,1,0,0,1,161;0,0,0,0,1,0,1,0,0,0,0,1,35;0,1,1,0,1,0,1,0,0,0,1,1,166;0,0,1,1,1,1,1,1,0,0,0,1,175;0,1,0,1,0,0,1,1,1,0,0,1,74;0,0,1,0,1,1,1,1,1,1,1,0,190;0,0,0,1,0,1,0,1,1,0,0,0,42;1,0,0,1,0,0,0,0,0,0,0,1,29;0,0,0,0,1,1,0,0,0,1,0,1,50
1,0,1,22;0,1,0,5;1,0,0,20;0,0,1,2;1,1,0,25
1,0,0,1,1,0,1,1,1,1,79;0,0,1,1,0,1,1,0,0,1,31;0,1,1,0,1,1,0,1,1,0,88;1,1,1,1,1,0,1,0,0,1,74;1,0,0,1,1,0,0,0,0,1,43;1,1,1,0,1,1,0,0,0,1,75;0,1,0,0,1,1,1,1,0,0,58;0,0,1,1,1,1,0,0,0,1,49;0,1,1,0,0,0,1,0,0,1,44;0,1,0,0,0,0,1,0,0,0,20
1,0,0,0,0,0,1,0,0,1,19;0,1,0,1,0,0,0,0,1,0,38;1,0,0,0,1,0,1,0,1,1,37;0,0,0,1,1,1,1,0,0,1,33;0,0,0,0,0,1,1,1,0,1,26;0,0,0,0,0,0,1,0,1,1,30;0,1,0,0,0,0,0,0,1,0,21;0,0,1,1,0,1,1,1,1,0,65;0,0,1,0,0,1,0,0,0,1,31
0,1,1,1,0,1,1,1,55;0,0,1,0,1,0,1,0,49;0,0,1,0,1,1,1,0,51;0,0,0,1,1,0,0,1,38;0,1,1,0,0,0,1,0,32;1,0,1,1,1,0,0,0,53;1,0,0,0,1,0,0,1,23;0,0,1,0,0,0,1,0,32
0,1,1,0,1,1,122;1,1,1,0,0,0,133;0,1,0,1,0,1,27;0,1,1,0,1,0,118;0,1,0,1,1,1,28;1,0,0,0,0,1,20
1,0,1,0,1,1,0,0,47;1,1,0,1,1,0,0,0,37;1,0,0,0,0,0,1,1,38;0,1,1,0,0,0,1,1,37;0,0,1,0,1,1,1,1,55;0,0,1,0,1,1,1,0,37;1,1,1,0,1,0,1,0,47
1,0,1,0,0,1,36;1,1,0,1,1,0,43;0,0,0,0,1,1,22;1,0,0,1,1,1,54;1,1,0,1,0,1,47;1,0,1,1,1,1,57
1,1,1,0,1,1,1,78;1,1,0,1,1,0,1,68;0,1,0,0,0,1,0,23;1,1,0,0,0,0,1,32;1,1,1,0,0,1,0,40;1,0,0,1,1,1,1,77;0,1,0,1,1,0,1,62;1,0,0,1,1,1,0,58;0,1,1,0,1,1,0,53
1,0,0,0,1,1,1,0,34;0,1,0,1,1,1,0,0,44;0,1,0,0,1,1,0,1,55;0,1,1,1,0,1,0,0,49;1,0,0,1,1,1,0,0,35;0,1,0,0,1,1,1,1,59;1,0,1,0,1,0,1,1,55;1,1,0,0,1,0,0,0,33;1,0,0,0,1,0,0,0,18
0,0,0,0,0,0,1,1,1,20;1,1,0,1,1,1,0,0,0,44;1,1,0,1,1,1,1,0,1,61;1,0,1,0,0,0,0,1,0,26;0,0,0,1,1,0,0,1,0,25;0,1,0,0,0,1,1,0,1,34;1,0,0,1,1,1,1,1,1,59;0,1,1,0,0,1,1,1,1,55;1,1,0,0,1,1,1,0,1,44;1,0,1,1,1,1,0,1,1,62
0,1,0,1,1,1,27;0,1,0,0,1,0,12;0,1,1,1,0,0,27;1,0,0,1,1,0,15;1,0,0,1,1,0,15;0,1,1,0,1,1,41
1,0,1,0,1,0,0,42;0,1,0,1,1,0,1,207;0,1,0,1,1,0,0,201;0,1,0,0,1,1,1,207;0,0,1,0,0,1,0,36
0,1,0,0,0,1,1,34;1,0,0,1,1,1,0,123;1,0,1,0,1,0,0,34;1,1,1,1,0,1,0,153;1,0,1,0,1,1,0,35;1,0,0,0,1,0,0,14;0,0,0,1,1,0,0,114
0,1,0,0,1,33;1,0,0,1,0,22;0,0,0,1,1,29;1,0,1,1,0,26;0,0,0,1,0,16;1,1,0,0,0,26;1,0,1,0,0,10
1,1,1,1,0,1,0,0,1,53;1,1,0,0,1,1,1,1,0,48;1,1,1,1,1,1,0,1,0,74;0,0,1,1,1,1,1,0,0,47;1,0,1,0,1,0,0,1,0,55;1,0,0,0,0,1,1,1,1,29;1,0,1,0,1,1,1,1,1,61;1,0,1,0,1,0,0,0,0,48;0,1,1,0,1,1,0,0,1,42
0,1,0,1,0,177;1,0,1,1,1,213;0,0,0,1,1,173;1,0,0,1,0,193;1,1,1,0,1,44
0,0,1,0,0,1,0,0,1,22;1,0,1,0,0,0,0,0,0,15;0,0,0,0,0,0,1,1,1,30;1,0,0,0,0,1,0,0,1,9;0,0,0,1,1,1,0,1,0,21;0,0,0,1,1,1,0,0,0,9;0,0,0,0,0,1,0,1,0,15;1,0,0,0,0,1,1,0,0,17;0,1,0,0,1,1,0,0,0,24
1,0,0,1,0,0,1,1,54;1,1,0,0,0,0,1,0,27;1,0,0,1,1,0,1,0,50;0,1,0,0,0,1,0,0,24;1,0,0,1,1,0,0,0,36;0,0,1,0,1,1,1,0,58;1,0,0,1,0,0,1,0,34;1,1,1,0,1,1,0,1,77;1,0,0,0,0,0,0,1,28;0,1,0,0,1,0,1,0,35
1,1,0,0,0,1,1,0,33;1,0,1,0,0,0,1,0,28;0,1,1,0,0,0,0,1,31;1,0,0,1,0,0,1,0,20;0,0,1,0,0,1,0,0,26;0,0,0,1,1,0,1,0,14;0,0,1,0,1,1,1,1,44
1,0,0,1,175;1,0,1,1,177;0,1,0,0,0;0,1,1,0,2;0,0,1,1,168
0,1,1,1,0,0,1,0,0,0,0,1,1,65;0,0,0,1,0,1,1,0,0,1,1,0,0,50;0,0,0,1,1,1,1,1,0,1,0,0,1,69;0,1,0,1,1,1,1,1,0,1,0,1,1,97;0,1,1,0,1,0,1,0,0,1,1,0,0,72;0,1,1,1,1,0,1,1,0,1,0,0,0,86;0,1,0,0,1,1,0,0,1,1,1,1,0,95;0,1,0,1,1,1,1,0,0,1,0,0,1,82;1,1,0,1,0,0,1,1,1,0,1,0,0,68;0,1,1,0,1,1,0,1,1,1,1,1,0,117
1,0,1,0,1,0,1,0,1,1,1,80;0,1,1,0,1,1,0,1,0,1,1,81;1,0,0,0,0,0,0,0,0,0,1,27;0,0,1,0,1,1,1,1,1,0,0,53;1,0,1,0,1,0,0,0,0,1,1,70;0,0,0,0,1,1,1,0,1,0,1,31;0,0,1,0,1,1,1,0,0,0,0,38;1,0,1,0,0,1,1,0,0,0,1,56;0,1,1,1,0,0,0,0,0,1,1,62;0,1,1,0,1,0,0,0,0,0,1,53
1,0,0,1,0,19;1,1,1,0,0,41;1,0,1,1,1,38;0,1,0,0,1,23
0,0,1,20;1,1,0,29;1,0,0,9;0,1,1,40;0,1,0,20
0,0,1,0,1,0,0,27;0,0,1,0,1,0,0,27;0,1,1,0,1,1,1,76;1,1,0,1,0,1,1,67;1,0,0,0,0,1,0,25;1,1,1,1,0,1,0,72
0,1,0,0,0,1,0,1,1,0,1,56;0,0,1,0,0,1,1,0,1,0,0,44;0,1,0,1,1,0,0,1,0,1,1,44;0,0,0,0,1,1,0,0,1,1,1,48;0,1,1,1,1,0,0,0,0,1,0,44;0,1,0,1,1,1,1,1,0,1,0,68;0,0,1,1,1,1,0,0,1,1,0,60;1,1,1,0,0,0,1,0,0,1,0,44;1,1,0,0,0,1,1,1,0,1,0,61
1,1,0,0,12;0,1,1,0,13;1,1,1,1,132;1,1,1,0,25;1,0,0,1,119
0,0,0,1,0,1,1,1,1,58;1,0,0,1,0,1,0,0,1,42;1,1,1,0,1,1,1,1,1,71;0,1,0,0,0,0,1,0,1,22;1,1,0,1,1,1,1,1,0,64;0,0,0,1,0,0,1,1,0,34;0,0,0,1,0,0,0,1,1,49
1,1,1,0,0,0,22;0,1,1,1,0,1,44;1,1,0,0,1,1,18;0,1,0,0,1,0,11;1,0,1,1,1,1,41
1,1,21;1,0,1;0,1,20;1,0,1
1,1,1,0,0,0,120;0,1,0,1,1,0,35;0,0,1,0,1,1,134;1,1,1,0,1,1,153
0,1,1,1,0,0,54;1,1,1,0,0,0,48;0,1,1,1,1,0,67;1,0,0,0,1,0,27;1,1,1,0,0,1,55;0,1,1,0,1,0,47;1,1,0,1,0,0,50
1,1,18;0,1,17;1,0,1;1,1,18
1,0,0,0,1,0,1,1,22;0,0,1,0,1,0,0,0,19;1,0,0,0,0,0,0,1,19;1,0,0,0,1,1,1,1,28;0,0,0,1,1,1,0,0,16;0,0,0,1,0,1,0,0,15;0,1,1,1,0,1,0,0,36;0,0,1,0,0,0,1,0,20;0,1,0,0,1,1,1,0,12;1,0,0,0,1,0,0,0,1
1,1,0,0,1,0,19;0,1,1,1,1,1,62;1,0,0,0,0,0,1;1,0,1,0,1,1,36;0,1,1,1,0,0,42
0,1,0,12;1,0,0,19;0,1,1,30;1,1,1,49;1,1,0,31
1,0,1,1,0,0,1,18;1,1,0,0,0,1,0,19;0,1,1,0,0,1,0,18;0,1,0,1,1,0,0,18;1,1,0,0,1,0,0,18
1,0,0,1,1,0,1,1,0,0,209;1,0,0,0,0,1,0,1,1,0,187;0,0,1,0,1,0,1,1,1,1,45;0,0,0,0,1,1,1,1,1,0,48;1,0,0,1,1,1,0,1,0,1,215;0,1,1,1,0,1,1,0,0,1,71;0,0,1,1,1,1,1,1,1,0,78;0,1,1,0,0,1,1,1,1,1,64;0,1,1,0,1,0,1,0,1,0,43
0,0,1,1,0,1,1,1,30;0,1,0,1,1,1,0,0,38;1,0,0,1,0,0,0,0,108;1,0,1,0,0,0,1,0,107;1,1,1,0,1,1,1,0,138;0,1,1,1,0,0,0,0,10;0,0,0,0,0,1,0,1,17;1,0,0,1,0,0,0,1,108
1,0,1,0,1,0,0,1,1,1,1,82;0,1,1,0,0,1,1,1,1,1,1,105;0,0,1,1,1,1,1,1,1,1,1,103;0,0,1,0,1,1,1,0,0,0,0,33;0,0,0,0,1,1,1,0,1,0,1,55;0,0,1,1,1,1,1,1,1,1,0,85;0,0,1,0,0,0,1,1,1,0,1,74;0,1,0,1,1,1,0,0,1,0,1,77;0,0,0,1,0,1,0,1,1,0,1,79;1,0,0,0,1,1,0,0,0,0,1,37
0,0,0,0,0,1,1,1,37;1,1,0,0,1,1,0,1,45;1,0,1,0,1,1,1,0,79;1,0,1,0,0,0,1,1,49;1,0,0,0,1,0,1,1,42;1,0,1,1,0,0,1,1,52;1,1,0,1,1,0,0,1,30;1,0,0,0,1,1,1,0,59;0,1,0,0,0,1,1,1,40
1,1,1,0,0,0,1,27;0,0,0,1,1,0,0,18;1,0,0,0,1,0,1,22;1,1,0,1,0,0,1,34;1,0,1,0,1,1,1,33;1,0,1,1,1,0,1,29;0,1,0,1,0,1,1,45
1,1,0,0,1,0,1,24;1,0,1,0,0,0,0,171;0,0,1,1,0,0,1,185;0,0,0,0,0,1,1,10;1,0,1,0,0,1,1,181;0,1,1,0,1,0,0,178;0,0,1,0,0,1,1,176;0,1,0,0,0,1,0,7
1,0,1,0,1,1,0,0,62;0,0,0,1,1,1,1,1,61;0,0,0,1,1,1,1,1,61;1,0,0,1,1,0,1,1,57;1,1,1,1,0,1,0,1,84;0,0,1,1,0,0,0,0,21;1,1,0,0,1,1,0,0,65;0,0,0,1,0,1,0,0,22
1,0,0,0,1,0,16;1,0,1,1,1,1,149;1,0,1,0,0,1,136;0,1,0,1,0,0,27;1,0,1,0,0,0,17;1,0,1,1,0,0,25;0,1,1,1,1,0,38
1,1,0,1,0,1,1,1,0,0,0,54;0,0,0,0,0,1,1,1,0,0,0,41;0,1,0,1,1,1,0,1,0,1,0,64;1,1,1,0,1,0,1,1,0,0,1,92;0,0,0,0,1,1,1,0,0,0,0,37;0,1,0,1,0,1,1,0,1,1,0,43;1,1,1,1,0,1,1,0,0,0,0,52;1,1,0,0,1,1,1,1,0,0,0,67;0,1,1,0,0,1,0,0,1,1,0,47;1,1,0,1,0,0,1,1,1,1,0,59
0,0,0,0,0,1,1,23;0,1,1,1,1,0,0,47;0,0,1,0,1,0,0,31;1,0,0,0,0,1,0,10;1,0,1,1,0,0,0,33;1,1,0,0,0,1,0,12
0,0,1,1,1,47;0,1,1,0,1,41;1,0,0,1,0,24;0,1,0,0,0,12;1,1,0,1,1,55;0,1,1,1,1,59;0,0,1,1,1,47
1,1,1,0,1,0,1,0,0,32;1,0,0,0,1,1,0,0,1,34;1,1,0,0,0,1,1,1,0,35;0,1,1,1,1,0,1,0,0,34;1,0,1,1,0,1,0,1,0,44;1,0,1,1,1,1,0,1,0,47;0,1,0,1,1,1,0,1,0,32;1,1,0,0,1,1,0,1,1,42
1,0,1,0,0,1,0,1,0,0,26;0,1,0,0,0,1,1,1,0,0,38;1,0,1,0,0,0,0,1,1,0,191;1,1,0,0,1,0,0,1,0,0,38;0,1,0,0,0,1,0,1,0,1,31;1,1,0,1,0,1,1,1,1,0,233;1,1,0,1,0,0,0,0,0,0,23;1,1,1,0,0,0,0,0,0,0,8;1,1,1,0,0,0,0,1,0,1,24;1,1,1,1,0,1,1,0,0,0,46
0,1,1,1,0,0,1,1,0,1,0,0,70;0,1,0,0,1,0,0,0,0,1,1,0,55;1,1,1,1,0,0,0,0,0,1,1,0,62;1,0,1,1,1,0,1,0,1,1,0,1,73;1,0,1,0,0,1,1,0,1,1,0,1,59;0,1,0,1,0,1,1,0,1,0,1,1,77;0,1,0,1,0,1,1,0,0,1,1,0,79;0,1,1,1,0,0,1,0,1,0,1,0,59;1,0,1,1,0,0,1,1,1,1,1,0,69;0,1,1,1,0,1,0,1,1,1,1,0,100
1,0,0,0,1,0,0,0,0,0,33;0,0,1,1,1,1,0,1,0,1,65;0,0,1,1,1,1,0,0,0,1,60;1,0,1,0,1,1,1,0,0,1,67;0,0,1,0,1,1,0,0,1,1,57;0,1,0,1,0,0,1,1,1,1,30;1,0,1,0,1,1,0,1,1,1,75;0,0,0,1,1,1,0,1,0,1,48;0,1,1,0,1,1,0,1,0,0,63;1,1,1,0,0,1,0,1,0,1,62
0,1,1,8;1,1,0,22;1,0,1,16;0,0,1,1
0,1,1,1,20;1,1,0,0,11;1,1,0,1,21;0,1,1,0,10;0,0,1,1,17;1,1,0,0,11
0,1,1,21;1,0,0,10;0,1,0,9;1,0,1,22
1,0,0,0,0,0,0,0,1,0,3;1,0,0,0,0,0,0,1,0,0,14;1,0,1,1,1,1,0,0,0,1,61;1,1,1,1,1,1,1,1,0,1,108;1,1,0,1,0,0,1,0,1,0,49;0,0,0,1,1,0,0,0,1,0,34;1,0,0,0,1,1,0,0,1,0,27;1,1,1,1,0,1,0,1,0,0,62
1,1,1,0,1,1,0,1,1,0,1,58;0,0,1,0,1,0,1,1,0,1,0,39;1,0,1,0,1,1,0,0,1,0,0,41;1,1,1,0,1,1,1,0,1,0,0,60;1,0,1,1,1,1,0,1,0,0,0,41;0,0,1,1,0,0,1,1,0,0,1,33;0,1,1,0,0,1,1,0,0,0,0,38;0,1,1,1,1,1,0,0,0,0,0,48;0,1,0,0,1,1,1,1,0,1,1,46;1,1,0,1,1,1,1,1,0,0,0,47
1,0,1,1,1,1,0,1,0,1,49;0,0,0,0,0,1,1,0,0,1,22;0,0,1,0,0,1,0,0,0,0,13;1,1,0,0,0,1,1,1,0,1,36;0,1,0,0,0,1,1,0,1,1,43;0,0,1,1,0,1,0,1,0,0,26;1,1,0,0,1,0,1,0,0,0,47;1,1,0,0,0,1,1,0,1,1,47;0,0,0,1,0,1,1,1,0,1,35
0,0,0,1,1,6;1,1,1,0,1,29;1,1,1,1,1,33;1,1,1,0,0,27;1,1,1,1,1,33;1,0,0,0,1,18;0,0,1,1,0,8
1,0,1,1,0,1,1,0,38;0,1,0,1,0,1,0,0,39;1,1,1,1,1,1,1,1,69;0,1,1,0,1,1,0,1,47;0,1,0,1,0,1,0,1,42;1,1,1,1,0,1,0,0,56;1,0,0,1,1,0,0,0,30;0,0,1,0,1,1,0,1,28;1,0,1,0,0,0,0,0,17;0,0,1,1,1,1,1,1,39
1,0,1,0,1,128;1,0,1,1,0,128;0,1,0,0,0,12;1,0,0,0,1,21;1,0,1,1,1,142;1,1,1,0,0,126;0,0,0,1,0,14
0,1,0,1,0,0,24;1,0,0,1,0,1,41;0,1,0,0,1,0,14;1,1,1,0,0,0,44
1,1,0,1,0,0,1,38;1,1,0,0,0,0,0,20;0,0,0,1,0,0,1,18;0,1,0,1,0,1,1,31;1,1,1,1,0,0,0,42;0,0,0,0,0,1,1,23;1,0,1,0,1,1,0,54;1,0,0,0,1,0,1,42
1,0,1,0,0,1,42;0,0,0,0,1,1,175;1,0,0,0,1,0,174;1,1,1,0,0,0,42;0,1,0,1,0,0,14
1,1,0,0,0,0,2;0,1,1,0,1,0,8;1,1,0,1,1,1,22;0,1,0,0,0,1,7;0,0,0,1,1,1,20;0,1,0,1,1,1,20;1,1,0,1,0,1,22;0,0,1,1,0,0,21
0,1,0,1,1,1,1,1,1,191;0,0,1,1,1,1,0,1,1,63;0,0,1,1,1,1,0,1,0,54;1,0,1,1,1,1,0,0,0,46;0,0,1,0,1,0,1,1,0,150;0,0,1,1,0,1,0,0,1,41;0,0,0,1,1,1,1,0,0,166;1,0,1,0,1,0,0,0,0,15;1,1,1,0,0,1,1,1,1,177;0,1,1,1,0,1,0,1,0,48
0,1,11;1,0,14;1,1,25;1,0,14
1,0,0,1,0,1,7;0,1,0,1,0,0,7;0,1,0,1,1,1,14;1,1,1,0,0,0,22
0,1,0,0,1,1,0,1,1,37;0,0,0,1,0,1,1,1,1,30;0,0,1,1,0,0,0,1,1,22;0,0,0,1,1,1,0,1,1,26;0,0,0,0,1,0,1,0,1,13;1,0,0,1,1,1,0,1,1,31;0,1,0,1,1,0,0,0,0,14;1,0,1,1,1,1,0,1,1,31
1,0,1,1,1,1,0,1,0,0,76;0,0,1,1,0,0,1,1,1,0,83;1,1,0,0,1,1,1,1,1,0,91;0,0,0,0,1,1,1,0,0,1,53;0,0,1,0,1,1,0,0,1,0,48;0,1,1,0,1,1,1,0,0,0,56;0,0,1,1,0,0,1,1,1,0,83;1,0,0,1,1,0,1,0,0,0,51;0,0,0,1,1,0,1,0,0,1,57;0,0,1,1,0,0,0,0,0,1,48
1,1,0,0,1,0,0,31;1,0,0,0,1,0,0,27;0,1,1,1,0,0,1,50;1,1,0,1,1,0,1,68;1,0,1,1,1,0,0,55;0,1,0,1,1,1,0,45;1,1,0,1,0,1,1,60;1,1,0,1,1,0,1,68;1,1,0,1,1,0,1,68
1,1,0,0,1,0,1,1,52;1,0,1,1,0,1,0,1,52;0,0,0,1,1,1,0,0,40;0,0,1,0,1,0,0,1,41;1,1,1,0,1,1,1,1,71;1,0,1,0,0,1,1,0,35;1,1,0,1,0,0,1,1,43;1,1,1,1,0,0,1,1,53;1,1,1,1,1,0,0,1,68
0,1,19;1,0,106;0,1,19;1,0,106
1,0,0,0,1,20;0,1,1,0,1,44;0,1,1,1,0,28;1,1,0,0,1,31
1,0,1,1,0,134;0,1,1,0,1,128;1,1,1,1,0,137;0,0,1,1,0,125;1,0,0,1,0,10
1,1,0,1,0,1,1,0,1,0,201;0,1,1,1,0,0,0,1,1,1,193;0,1,0,0,1,1,1,0,1,1,197;0,0,0,0,1,0,1,1,1,0,35;1,0,1,0,1,0,0,0,0,1,42;1,1,1,1,0,1,0,1,0,1,211;1,0,0,0,0,1,1,0,1,1,32;1,0,1,0,1,1,0,0,1,0,55
0,1,0,1,1,1,29;0,1,1,1,0,0,31;1,1,0,0,0,0,12;1,1,0,0,1,1,23;1,0,1,0,1,0,24;1,1,0,0,0,1,17
0,1,1,0,0,1,23;0,1,1,1,0,1,25;1,0,1,1,0,0,25;0,0,0,0,1,1,20
0,1,0,0,1,1,0,1,17;0,1,0,1,0,0,1,0,16;1,0,1,1,0,0,1,0,30;0,1,0,1,0,1,0,1,28;1,1,1,1,1,1,1,1,47;0,1,1,0,1,0,1,1,16;0,1,1,1,0,1,1,1,41;0,0,1,1,1,1,1,1,41;0,1,0,1,1,1,0,1,28;1,1,0,1,0,1,1,0,36
1,0,0,1,0,24;0,1,1,0,0,173;0,0,0,1,0,9;1,1,1,1,0,197;0,1,0,0,1,12;1,0,1,1,1,209
1,0,1,1,160;1,1,1,0,25;0,1,1,1,158;1,1,0,1,146;1,0,1,0,22
0,1,1,0,1,0,0,1,46;1,0,0,1,1,1,0,0,41;1,1,0,1,0,1,0,1,57;0,1,1,0,0,0,1,1,45;1,0,1,0,0,1,1,0,49;1,1,1,0,0,0,1,1,65;0,0,1,1,0,0,0,1,42;1,1,1,1,0,1,1,1,79
0,0,1,14;1,0,0,1;1,1,1,18;1,1,1,18
0,1,1,0,1,0,0,1,1,1,0,58;1,0,0,0,1,0,0,1,0,1,1,38;1,1,1,0,0,0,0,0,1,1,1,41;1,0,0,0,1,0,0,0,1,0,0,16;1,0,1,0,1,0,0,1,0,0,0,30;1,0,1,0,0,1,1,1,0,0,1,38;0,0,1,1,1,0,1,0,0,1,1,65;0,1,1,0,0,0,0,1,0,1,1,43;0,0,1,1,1,0,0,1,0,1,1,58;0,0,1,1,1,0,1,1,0,1,1,72
1,1,1,1,1,0,1,0,220;1,0,1,0,1,0,0,0,14;1,1,0,1,1,1,1,0,230;1,1,0,1,0,1,0,1,224;1,1,0,1,0,1,1,0,217;0,1,1,1,0,1,0,1,223;1,0,1,1,1,0,0,0,32;1,1,0,1,1,1,1,0,230;1,0,0,0,1,0,0,1,32
1,0,1,1,1,1,1,1,1,1,1,302;0,0,0,0,0,1,1,1,1,0,0,229;1,0,1,0,1,0,1,0,0,1,0,63;0,1,0,0,0,0,0,1,0,1,0,40;0,1,1,1,1,0,0,1,1,1,1,99;1,0,1,1,1,1,0,1,1,1,1,283;0,0,0,0,1,0,1,0,1,1,0,47;0,0,0,1,0,0,1,1,0,0,1,64;0,0,0,0,1,1,0,1,0,1,1,243
1,0,1,0,0,1,1,1,1,87;0,0,1,0,1,0,0,1,0,25;1,0,0,0,1,0,1,0,1,61;1,1,1,1,1,1,0,0,0,70;1,1,1,1,1,0,0,0,1,76;1,1,0,1,0,0,1,1,1,80;0,1,1,0,1,1,0,0,1,58
1,0,0,1,0,1,1,0,0,145;1,0,0,0,1,1,1,1,1,188;0,0,1,0,0,0,1,1,1,47;1,1,1,0,0,1,0,0,0,160;0,0,1,1,0,1,1,0,0,29;0,0,1,0,1,0,0,0,0,35;1,1,1,0,1,1,1,0,1,188;1,0,1,0,0,1,1,0,0,157;1,0,0,1,1,0,1,0,0,156
0,1,1,0,1,0,1,1,0,38;0,1,0,0,0,0,1,0,1,26;0,0,1,0,0,0,1,0,0,19;1,1,1,1,0,0,0,1,0,40;1,1,0,0,0,1,1,0,1,39;0,0,0,0,0,1,1,1,1,21;1,1,1,0,1,1,0,0,1,35
1,0,1,1,0,1,0,0,28;1,1,1,0,0,1,1,0,38;1,0,0,0,1,0,1,0,208;0,0,1,0,0,1,0,1,23;1,0,0,0,0,0,1,0,24;0,0,0,0,0,0,0,1,12;0,1,1,0,1,0,0,1,210;1,0,0,1,0,0,1,1,43
1,1,0,0,0,1,0,44;1,0,0,0,1,1,0,44;0,0,1,0,1,0,0,23;0,1,1,0,0,1,1,55;0,1,1,1,1,1,1,83;0,0,0,1,1,1,0,47;0,1,1,1,1,0,1,64
1,0,1,1,0,1,1,1,48;1,0,1,0,0,1,1,0,26;1,1,0,0,0,1,1,1,154;1,0,1,0,1,1,1,1,61;0,1,1,0,1,1,1,1,184;0,1,0,1,0,1,1,0,135;0,0,0,0,0,0,1,1,23;1,1,0,1,0,0,1,0,130;1,1,1,0,0,1,0,1,167;0,0,1,1,0,1,1,1,47
0,1,0,1,0,1,1,0,1,0,35;0,0,1,0,0,0,1,0,0,0,17;1,0,1,1,1,0,1,0,1,0,158;1,0,0,1,0,1,1,1,0,1,154;0,0,0,1,0,0,1,1,0,0,7;1,1,0,1,0,1,1,0,1,0,167;1,0,0,1,1,1,0,0,1,0,147;0,0,0,1,0,0,1,0,0,1,13;1,0,0,1,1,0,0,0,1,0,141;1,1,1,0,0,0,1,1,0,0,171
1,1,0,1,0,0,0,0,1,1,72;0,0,1,1,1,0,0,0,1,1,60;0,1,1,1,1,1,0,1,1,0,68;1,0,1,1,1,1,1,1,0,0,67;0,1,0,0,1,0,1,1,0,0,41;0,0,1,0,1,0,0,0,0,0,16;0,0,1,1,0,0,0,0,0,1,39;0,0,0,0,1,0,0,1,1,1,45
0,0,1,0,1,1,1,37;0,1,1,0,1,0,0,26;0,1,1,0,0,0,1,24;1,1,1,1,0,1,0,34;0,0,0,1,1,1,0,18
0,1,0,0,1,0,1,0,1,50;0,0,0,0,1,1,1,0,0,36;1,0,0,1,0,0,0,0,1,32;1,1,1,0,0,1,1,0,0,66;0,1,0,0,1,0,1,0,1,50;1,1,0,0,1,0,1,1,0,63;0,1,1,0,1,0,1,0,0,46;0,0,0,0,1,0,1,1,0,33;0,0,0,1,0,0,1,0,1,22;0,1,0,0,1,0,1,1,0,48
1,1,0,0,16;1,0,1,1,181;0,1,0,1,165;1,1,0,0,16
1,1,19;0,1,15;1,0,4;0,1,15
1,1,1,1,1,0,28;1,0,1,0,1,0,18;0,0,0,1,1,1,38;1,0,1,0,0,1,24;0,1,1,1,1,1,43;0,1,1,1,1,0,24;0,1,1,1,1,0,24
1,0,0,1,19;0,1,1,1,227;0,1,1,1,227;1,1,0,1,33;0,1,1,1,227;0,0,1,1,213
0,1,0,0,17;1,1,1,0,49;1,0,1,1,32;1,0,0,1,12
1,0,0,1,16;1,0,0,0,13;0,0,1,1,20;1,1,0,0,28;0,1,0,1,18
0,1,0,1,0,1,15;0,0,0,0,1,0,15;1,0,0,1,0,1,33;0,0,1,0,1,1,31
0,0,1,0,0,0,0,0,1,0,1,1,19;1,0,1,1,0,0,0,0,1,1,0,0,59;0,0,1,0,1,0,1,0,0,1,1,1,26;0,0,0,0,1,0,0,1,1,1,0,1,37;0,0,0,0,1,0,1,0,0,0,0,1,9;0,0,0,1,1,0,1,0,1,1,1,1,46;1,1,0,1,1,0,1,1,1,1,1,0,82;0,1,0,1,0,1,1,1,1,1,0,0,69;1,0,0,0,1,1,1,0,1,0,1,1,41;0,0,0,1,1,0,0,1,1,0,1,1,50
1,1,0,0,1,0,1,1,0,51;1,0,0,1,1,1,1,1,1,67;0,0,0,1,0,0,1,0,0,24;0,1,1,0,0,0,1,0,1,33;1,0,0,1,0,1,0,1,1,42;0,0,0,1,1,1,1,1,0,59;1,0,1,1,0,1,0,1,1,42
0,1,12;1,1,16;0,1,12;1,1,16
1,1,1,1,1,0,1,58;0,0,1,0,0,0,1,8;1,0,0,1,0,0,1,27;1,1,0,0,1,1,0,181;0,1,0,0,0,0,0,16
0,0,0,1,0,1,1,0,19;0,0,0,1,0,0,0,1,26;1,1,1,0,0,0,0,1,59;1,0,1,1,0,1,0,0,29;0,0,0,1,1,0,0,1,26;0,0,1,1,0,1,0,1,44;0,1,0,0,1,1,1,1,49
1,0,1,1,35;1,0,0,1,28;0,0,0,1,10;1,1,0,0,25
1,0,0,1,0,1,0,1,1,62;0,1,1,0,0,0,0,0,0,8;1,0,1,0,1,0,0,1,0,36;1,0,1,0,1,1,0,0,1,54;0,1,0,1,0,1,1,1,1,72;0,0,1,0,0,0,0,1,0,20;0,0,1,0,0,0,1,1,1,49
1,1,1,1,0,1,1,0,0,57;0,1,1,0,0,1,0,0,0,32;1,0,0,0,1,1,0,0,1,170;1,0,1,1,0,1,0,1,0,62;1,0,1,1,0,0,0,0,0,35;0,0,1,1,1,0,0,1,0,43;0,0,1,1,0,1,1,0,0,37;0,0,1,1,1,0,1,0,1,178;1,1,1,1,1,1,0,1,0,72
1,0,1,1,1,52;0,1,1,1,0,33;1,1,1,0,0,32;1,1,0,0,0,15;0,1,0,1,0,16;1,1,1,0,1,38;0,0,0,1,1,21
1,1,0,1,0,0,12;0,0,0,1,1,0,17;1,1,0,1,0,0,12;1,0,1,1,0,1,24;0,0,0,0,0,1,5;0,0,1,1,0,0,17
0,1,1,0,1,0,1,1,0,1,41;0,0,1,0,1,1,0,1,1,1,47;1,1,0,0,1,0,1,0,0,0,28;0,1,1,1,1,1,1,0,1,1,70;0,1,0,1,1,0,1,0,1,1,62;0,1,0,0,1,1,0,0,0,0,27;1,1,0,0,1,0,1,0,0,1,43;0,1,1,0,0,1,1,0,0,1,32;0,1,1,0,0,1,0,1,1,1,44;0,0,1,1,1,1,1,0,0,1,52
0,0,1,1,1,28;1,1,0,0,1,18;1,1,1,1,0,46;0,1,1,0,1,29;1,1,0,0,1,18;0,0,1,0,0,20;1,0,1,0,1,29
0,0,1,1,1,0,0,0,33;1,0,0,1,0,0,1,0,34;1,0,1,1,0,0,0,0,37;0,0,0,0,0,0,1,1,192;1,0,0,1,0,1,1,1,225;1,1,0,0,0,1,1,1,221
1,0,0,0,1,1,164;0,0,1,0,1,0,10;0,1,0,1,0,1,193;1,0,0,0,1,0,10;1,0,1,1,0,1,185;0,1,0,0,0,0,20;0,0,0,1,0,1,173;0,0,0,0,1,1,158
0,0,1,0,0,0,1,1,44;0,1,0,1,1,1,0,1,63;0,1,0,0,1,1,0,1,52;0,0,0,0,1,1,1,0,44;1,1,0,1,1,1,0,0,62;1,0,1,0,1,1,1,1,80;0,0,0,0,1,0,1,1,38;0,1,1,0,1,1,1,1,85
1,1,0,0,1,0,1,1,1,1,0,1,0,178;0,0,1,0,0,0,1,1,1,0,1,1,0,69;0,1,0,0,1,0,0,0,1,1,0,0,0,47;1,0,1,0,1,0,1,0,1,0,1,0,0,175;0,0,0,0,1,1,1,0,1,1,0,1,1,63;1,0,1,0,1,0,1,0,1,1,0,0,0,177;0,0,1,0,0,0,1,0,0,1,1,0,1,53;0,0,1,1,0,0,1,0,1,1,0,0,0,67;1,0,1,1,1,1,0,0,0,0,1,0,0,149;1,1,1,0,1,1,1,0,1,0,0,1,0,185
0,1,0,1,0,0,0,0,29;0,0,0,1,0,1,0,1,40;0,0,0,1,0,1,0,0,24;1,1,0,1,0,0,0,1,62;1,1,1,0,1,1,0,0,75;0,1,1,1,1,0,0,0,62;1,1,0,1,0,0,1,0,54;0,1,0,1,0,1,0,1,55;0,1,1,1,0,0,0,1,61
1,1,1,0,1,1,249;1,0,0,0,0,1,205;1,0,0,0,0,0,200;1,1,1,1,0,1,242;1,0,0,0,1,1,214;0,0,1,1,0,1,25;0,1,1,0,0,0,35
0,0,1,1,0,1,1,43;1,1,1,1,0,0,0,37;0,1,0,1,1,0,0,32;1,0,1,1,1,1,0,45;1,1,1,0,1,1,1,52;0,1,1,1,1,0,1,55;1,1,0,1,1,1,0,46;0,1,1,0,1,1,0,22
0,0,0,0,0,1,0,0,1,0,0,1,0,37;0,0,0,0,0,1,0,1,1,0,1,1,0,51;1,0,1,0,0,1,1,0,0,0,1,0,0,76;0,1,0,0,0,1,0,0,1,1,1,1,0,53;0,0,1,0,1,0,0,0,0,1,1,1,0,52;0,0,0,1,0,0,0,1,0,1,1,0,0,23;1,0,1,1,0,0,0,1,1,1,1,1,0,82;0,0,0,1,1,1,0,0,0,0,0,0,0,42;1,0,0,0,0,0,0,0,1,0,1,1,0,55;1,1,0,0,0,0,0,1,1,0,0,0,1,55
0,1,0,0,8;0,0,1,1,18;1,1,0,1,34;1,1,1,1,37;0,1,1,1,26
0,1,0,0,1,0,0,0,29;0,1,0,1,1,1,0,1,65;1,1,0,1,0,0,1,1,46;0,0,1,1,1,0,1,1,36;0,0,1,1,1,1,0,0,47;1,1,1,0,1,0,1,1,40;0,0,1,1,1,0,0,0,32;0,0,0,1,0,1,1,1,38;0,1,1,1,1,0,1,0,54
0,1,0,0,0,1,1,1,1,88;0,0,0,1,0,0,0,0,1,25;1,0,1,1,1,0,1,0,0,56;0,0,1,0,0,1,0,1,0,42;0,1,0,0,0,0,0,0,1,38;1,0,0,0,0,0,0,0,1,32;0,0,0,0,0,1,1,0,1,51
1,1,1,0,1,0,0,1,0,1,0,175;1,1,1,1,0,1,0,1,0,0,1,196;0,0,1,1,0,0,0,0,0,1,0,12;0,1,0,1,1,1,0,1,0,1,0,182;1,1,0,1,0,1,1,0,0,1,0,43;1,1,0,1,0,1,0,1,0,1,0,176;1,1,0,0,0,1,1,1,0,1,0,171;0,1,1,0,0,1,0,1,0,1,1,187;0,1,1,0,1,0,0,0,1,0,0,52
0,0,0,0,1,0,0,0,0,1,14;0,0,0,0,0,1,0,0,1,0,25;1,1,1,0,0,1,0,1,0,1,37;0,0,0,1,1,1,0,0,1,0,189;1,0,1,1,1,1,0,0,1,1,194;1,0,1,0,1,1,1,1,1,0,64;0,1,1,0,0,0,0,1,1,1,34;0,1,1,0,1,1,0,0,1,1,47
1,1,1,0,35;1,0,1,1,31;0,1,1,1,38;0,1,0,0,20
1,0,1,0,1,0,0,42;1,1,1,1,0,1,0,60;0,1,0,1,1,1,0,34;0,0,0,0,0,1,1,19;1,1,1,1,0,0,1,63;1,0,0,1,0,0,0,35;0,0,1,1,1,0,0,39
0,1,1,1,1,0,37;0,0,1,0,1,1,35;0,1,1,1,0,1,20;0,1,1,0,1,1,36;1,1,1,1,1,0,44;0,0,1,1,1,0,36;0,1,0,1,0,0,3
1,0,0,1,0,1,200;0,0,0,0,0,1,3;0,1,0,0,1,0,39;1,1,1,1,0,1,227;0,0,1,1,1,0,212
0,0,1,0,0,1,33;0,1,0,0,1,0,211;1,0,0,0,0,1,25;0,0,1,1,0,1,52;0,0,1,0,1,0,29;0,0,0,0,1,1,30;0,0,1,0,1,1,46;0,1,0,0,1,0,211
1,1,0,0,1,0,1,0,36;1,1,0,1,1,1,0,1,41;0,0,1,0,0,1,0,1,20;0,0,1,1,1,0,0,1,34;1,0,1,0,0,0,0,1,21;1,1,0,0,0,1,0,0,16
1,0,0,1,0,0,0,1,1,138;0,1,1,1,0,0,0,1,0,163;1,0,1,1,0,0,1,1,0,164;1,0,1,0,1,0,0,1,0,156;1,0,0,1,1,1,0,0,0,25;0,0,1,1,1,0,0,0,0,29;0,0,1,0,1,1,0,1,1,162;0,1,1,1,1,0,0,1,1,172;0,0,1,0,0,0,0,0,1,22;1,0,1,1,0,0,0,1,1,157
1,1,1,1,53;1,0,0,0,2;1,1,1,0,34;0,1,0,0,19;1,0,0,1,21;1,0,1,1,34
0,1,0,1,1,1,1,32;1,0,1,1,0,0,1,41;1,0,0,0,1,1,1,28;1,1,0,0,1,1,1,39;1,0,0,1,1,0,0,15;0,1,1,1,1,0,0,30
1,1,0,0,1,0,0,1,0,30;0,0,0,1,0,1,0,0,1,45;1,0,0,0,1,0,0,0,1,38;0,0,0,1,0,0,1,0,1,45;0,0,1,0,0,0,1,0,0,35;1,1,1,0,1,0,0,0,1,55;1,1,0,1,0,0,1,1,0,43;0,1,1,1,1,0,1,0,0,64
0,1,0,1,0,0,1,1,1,1,1,1,263;0,0,0,1,0,0,1,1,1,1,1,1,243;0,0,0,1,1,0,1,1,1,0,0,0,67;1,0,1,1,1,0,1,0,0,1,1,0,237;0,1,1,0,1,0,1,0,1,1,0,0,236;0,1,0,1,1,0,0,0,1,0,0,0,61;0,0,1,1,1,0,1,0,0,1,0,1,224;1,0,0,0,1,0,0,0,1,0,1,1,76;0,0,1,1,1,1,1,0,1,0,0,1,91;0,1,0,1,1,1,0,0,1,0,1,1,99
1,0,1,0,0,1,1,44;0,1,1,0,1,0,0,31;1,0,1,0,0,0,1,42;1,0,0,0,1,0,1,42;0,0,1,1,0,0,0,15;1,0,1,1,0,0,0,35
0,0,1,0,0,9;1,1,0,0,0,155;0,1,1,1,1,45;1,0,0,0,1,146
1,1,0,1,0,0,1,1,0,0,0,0,1,76;1,1,1,1,0,0,1,0,0,1,0,0,1,79;1,1,1,0,1,0,1,0,0,0,1,1,1,96;0,0,0,1,1,0,1,1,0,0,1,1,0,73;0,0,1,0,1,1,1,1,0,1,0,1,1,82;1,1,1,1,1,0,1,1,1,0,0,0,1,86;1,0,1,0,1,1,1,0,1,1,0,0,0,58;0,1,0,1,0,0,0,0,1,1,0,0,1,63;0,0,0,1,1,0,1,0,1,1,1,0,1,80;0,0,0,1,0,0,0,1,0,0,1,1,0,61
1,0,1,1,34;0,0,1,0,10;0,0,0,1,10;1,1,0,1,32;1,1,1,1,42;0,1,1,0,18
0,1,0,17;1,0,0,7;1,1,1,28;0,1,1,21;1,0,0,7
0,1,4;1,0,19;1,1,23;1,0,19
0,1,1,0,15;0,1,1,1,32;1,0,0,1,30;1,1,0,0,26
1,0,1,1,0,37;0,0,1,1,1,29;1,0,1,0,1,33;0,1,0,1,1,31;1,1,1,0,0,48;0,0,1,0,1,21
0,1,1,0,1,0,27;1,1,0,1,0,1,26;0,1,1,1,0,0,20;1,1,0,0,1,0,16;0,1,1,0,0,0,20;0,1,1,0,0,1,37;1,0,1,1,1,0,36;0,1,1,0,0,1,37
0,0,1,14;0,1,0,1;1,1,0,1;1,0,1,14
0,0,0,0,0,1,1,153;0,1,1,0,0,1,0,46;0,1,1,0,1,1,0,47;1,1,1,1,1,0,1,212;1,0,0,0,1,0,1,158;1,0,1,0,1,0,1,173;1,1,1,0,1,0,0,51;0,1,1,1,1,0,1,196;1,1,0,0,1,1,1,189
1,1,0,0,1,1,0,0,220;1,1,1,1,0,0,1,0,54;0,1,1,1,1,0,1,1,54;0,0,1,1,1,1,0,1,223;1,0,0,1,0,1,0,1,212;1,1,0,1,1,0,0,1,30
0,1,0,1,0,21;1,1,1,0,0,25;1,0,1,1,1,36;1,0,1,1,1,36;0,0,1,1,0,20;1,1,0,0,0,14
1,0,1,1,1,1,0,1,1,65;0,0,0,0,1,0,0,0,1,26;0,0,1,1,0,0,0,0,1,36;0,0,0,1,0,1,0,0,0,8;0,1,1,1,1,0,0,0,0,49;0,1,0,0,0,0,0,0,1,35;0,1,1,0,0,0,0,0,1,47;0,0,1,1,1,1,0,1,1,46;0,0,0,1,0,1,1,1,0,18;1,0,1,1,0,0,1,0,0,49
0,1,0,1,0,0,0,1,1,19;1,1,1,0,1,0,0,1,0,35;1,0,1,1,0,0,0,0,0,12;1,1,1,0,1,1,0,0,0,42;0,1,1,1,0,1,1,1,0,55;1,0,1,0,1,1,0,0,0,27;1,1,1,0,0,1,0,1,0,40;1,1,0,1,0,1,1,1,1,46
1,0,1,0,0,29;0,1,1,1,1,50;1,0,1,0,1,39;1,1,0,0,1,38;0,1,1,0,0,35;1,1,0,1,1,43
0,0,0,0,0,1,1,1,28;0,1,1,1,0,1,1,0,173;1,0,0,0,1,0,0,1,36;1,0,0,1,1,1,1,1,70;0,0,1,1,1,1,1,1,64;0,1,1,1,1,0,0,1,171;0,0,1,0,0,0,1,0,30;0,0,1,1,1,0,0,1,46;1,0,1,1,0,0,0,1,60
0,1,0,3;1,0,1,11;0,1,1,10;0,1,0,3
0,0,1,1,1,0,0,27;1,1,1,1,1,0,1,49;1,1,0,1,1,0,1,45;1,1,1,1,1,0,1,49;0,1,0,0,0,1,1,31;0,1,0,0,0,0,1,19;0,0,0,1,0,0,0,6;0,0,1,1,1,0,1,42;1,0,0,0,1,0,1,35
0,1,0,1,22;1,1,0,0,19;0,1,1,0,28;0,0,1,0,9
0,0,1,0,1,0,1,0,37;1,0,0,1,0,0,1,1,171;1,1,1,0,1,0,0,0,27;1,1,0,0,0,1,1,1,179;1,1,1,1,1,0,0,0,33;1,1,1,0,0,0,0,0,24;0,0,0,0,0,0,1,1,158
0,1,1,0,0,0,1,44;1,0,1,1,0,1,0,38;1,0,0,1,1,1,1,47;1,0,1,1,1,1,0,45;1,1,0,0,1,1,0,44;0,0,0,0,1,1,0,21
0,0,1,1,0,1,0,1,0,0,1,59;1,0,1,0,0,1,1,1,1,0,1,172;0,1,1,1,0,1,0,0,1,0,1,61;0,1,1,1,0,1,1,0,1,0,0,70;0,1,0,1,0,1,1,1,0,1,1,85;0,1,0,0,1,1,1,0,0,1,1,56;1,0,1,0,0,0,0,0,1,1,1,141;0,0,0,1,1,0,0,0,1,1,0,54;1,1,1,1,0,1,0,0,1,0,1,164
0,0,0,0,0,1,0,0,4;0,0,1,1,0,0,0,1,35;0,0,1,0,1,0,1,1,43;0,1,0,1,1,0,0,1,56;0,0,0,0,1,1,1,1,44;0,1,0,1,1,0,0,1,56;0,0,0,1,1,0,0,1,47;1,0,0,0,0,1,0,1,41;1,0,0,1,0,1,0,0,33
1,0,0,0,1,1,1,1,1,1,0,217;1,0,0,0,0,1,1,1,0,1,0,50;1,1,0,0,0,0,0,1,1,0,0,191;1,0,1,1,1,0,1,0,0,1,0,56;1,1,0,0,0,1,0,1,0,0,1,54;1,1,1,0,1,0,1,1,1,0,0,220;0,0,1,0,0,0,1,1,1,1,1,203;1,0,0,0,0,0,0,1,1,0,0,176;1,0,0,0,0,0,1,1,1,1,1,191;1,1,0,1,1,0,0,0,1,1,0,209
1,0,0,0,1,0,1,145;0,1,1,1,1,0,0,21;1,0,0,1,1,0,0,28;0,1,1,1,1,1,1,151;1,0,0,0,0,0,1,139;0,0,1,1,0,0,1,132
0,0,0,0,1,1,1,1,42;0,0,1,1,1,0,0,0,19;0,1,0,1,1,1,1,1,63;1,0,1,1,0,0,1,1,44;1,0,0,0,0,1,1,0,38;0,0,1,1,0,1,0,0,13
1,1,1,1,0,0,0,0,32;0,0,0,1,0,0,1,0,17;1,0,0,0,1,1,0,0,39;0,1,1,0,0,1,1,1,53;1,1,1,1,1,0,0,0,46;0,0,1,0,1,1,1,0,56;1,1,0,1,0,0,0,0,18;1,0,0,0,0,0,1,0,25;0,1,1,0,0,0,0,1,25
1,0,1,1,0,1,1,0,1,73;1,0,0,0,0,1,1,0,0,56;1,0,1,1,1,1,1,0,0,84;0,0,0,1,0,1,1,0,1,44;0,0,0,0,0,1,0,0,1,19;1,1,0,1,0,1,1,0,0,78;0,1,0,0,0,1,1,0,0,52;0,0,0,0,0,1,1,1,0,49;0,0,1,0,0,0,0,0,0,9;0,1,1,0,0,0,1,0,0,44
0,0,1,1,21;1,0,1,1,27;1,1,0,1,190;0,0,1,0,4
1,1,1,0,1,0,1,0,1,0,36;0,0,1,0,1,1,1,0,0,0,32;1,1,1,1,1,1,1,1,0,1,70;1,1,0,1,0,0,1,0,1,0,37;1,1,0,0,0,0,0,0,0,1,11;0,0,1,0,1,1,1,0,0,0,32;1,0,1,0,1,0,0,0,0,0,14;1,0,0,0,1,0,1,1,0,0,33;1,1,1,0,1,1,1,0,1,0,37;1,1,1,0,0,0,1,0,1,1,42
